2364 0 1 440 446 454 459 496 513 522 540 544 579 598 615 628
9935 0 1 483 489 497 502 539 556 565 583 587 622 641 658 671
9983 0 1 526 532 540 545 582 599 608 626 630 665 684 701 714
3423 0 1 569 575 583 588 625 642 651 669 673 708 727 744 757
9017 0 1 612 618 626 631 668 685 694 712 716 751 770 787 800
6980 0 1 655 661 669 674 711 728 737 755 759 794 813 830 843
2564 0 1 698 704 712 717 754 771 780 798 802 837 856 873 886
2317 0 1 741 747 755 760 797 814 823 841 845 880 899 916 929
8322 0 1 784 790 798 803 840 857 866 884 888 923 942 959 972
1422 0 1 827 833 841 846 883 900 909 927 931 966 985 1002 1015
5888 0 1 870 876 884 889 926 943 952 970 974 1009 1028 1045 1058
2082 0 1 913 919 927 932 969 986 995 1013 1017 1052 1071 1088 1101
9191 0 1 956 962 970 975 1012 1029 1038 1056 1060 1095 1114 1131 1144
2426 0 1 999 1005 1013 1018 1055 1072 1081 1099 1103 1138 1157 1174 1187
4719 0 1 1042 1048 1056 1061 1098 1115 1124 1142 1146 1181 1200 1217 1230
5549 0 1 1085 1091 1099 1104 1141 1158 1167 1185 1189 1224 1243 1260 1273
6247 0 1 1128 1134 1142 1147 1184 1201 1210 1228 1232 1267 1286 1303 1316
5409 1 1 435 448 465 484 519 523 541 550 567 604 609 617 623
5122 1 1 480 493 510 529 564 568 586 595 612 649 654 662 668
5711 1 1 525 538 555 574 609 613 631 640 657 694 699 707 713
1744 1 1 570 583 600 619 654 658 676 685 702 739 744 752 758
5796 1 1 615 628 645 664 699 703 721 730 747 784 789 797 803
5850 1 1 660 673 690 709 744 748 766 775 792 829 834 842 848
9664 1 1 705 718 735 754 789 793 811 820 837 874 879 887 893
8045 1 1 750 763 780 799 834 838 856 865 882 919 924 932 938
8802 1 1 795 808 825 844 879 883 901 910 927 964 969 977 983
6786 1 1 840 853 870 889 924 928 946 955 972 1009 1014 1022 1028
5104 1 1 885 898 915 934 969 973 991 1000 1017 1054 1059 1067 1073
4592 1 1 930 943 960 979 1014 1018 1036 1045 1062 1099 1104 1112 1118
1065 1 1 975 988 1005 1024 1059 1063 1081 1090 1107 1144 1149 1157 1163
7499 1 1 1020 1033 1050 1069 1104 1108 1126 1135 1152 1189 1194 1202 1208
7634 1 1 1065 1078 1095 1114 1149 1153 1171 1180 1197 1234 1239 1247 1253
2276 1 1 1110 1123 1140 1159 1194 1198 1216 1225 1242 1279 1284 1292 1298
6289 1 1 1155 1168 1185 1204 1239 1243 1261 1270 1287 1324 1329 1337 1343
3291 0 2 500 536 551 573 599 617 633 645
5646 0 3 610 646 661 683 709 727 743 755
2854 0 2 720 756 771 793 819 837 853 865
7815 0 2 830 866 881 903 929 947 963 975
6380 0 3 940 976 991 1013 1039 1057 1073 1085
6503 0 3 1050 1086 1101 1123 1149 1167 1183 1195
8284 0 3 1160 1196 1211 1233 1259 1277 1293 1305
8700 0 2 1270 1306 1321 1343 1369 1387 1403 1415
6077 0 3 1380 1416 1431 1453 1479 1497 1513 1525
9848 1 3 490 502 518 536 562 584 599 635
9649 1 2 584 596 612 630 656 678 693 729
4934 1 2 678 690 706 724 750 772 787 823
8102 1 3 772 784 800 818 844 866 881 917
4785 1 3 866 878 894 912 938 960 975 1011
2171 1 2 960 972 988 1006 1032 1054 1069 1105
8826 1 2 1054 1066 1082 1100 1126 1148 1163 1199
5582 1 3 1148 1160 1176 1194 1220 1242 1257 1293
5959 1 2 1242 1254 1270 1288 1314 1336 1351 1387
