3827 0 1 480 493 507 519 530 541 563 568 583 596 612
2438 0 1 560 573 587 599 610 621 643 648 663 676 692
3451 0 1 640 653 667 679 690 701 723 728 743 756 772
7823 0 1 720 733 747 759 770 781 803 808 823 836 852
6186 0 1 800 813 827 839 850 861 883 888 903 916 932
3849 0 1 880 893 907 919 930 941 963 968 983 996 1012
3907 1 1 465 481 494 509 514 536 547 558 570 584 597
2795 1 1 540 556 569 584 589 611 622 633 645 659 672
4960 1 1 680 696 709 724 729 751 762 773 785 799 812
5657 1 1 735 751 764 779 784 806 817 828 840 854 867
6930 1 1 800 816 829 844 849 871 882 893 905 919 932
2894 1 1 970 986 999 1014 1019 1041 1052 1063 1075 1089 1102
8472 0 2 490 503 517 551 578 623
4839 0 2 600 613 627 661 688 733
9462 0 3 710 723 737 771 798 843
8291 0 2 820 833 847 881 908 953
4892 0 3 930 943 957 991 1018 1063
1948 0 3 1040 1053 1067 1101 1128 1173
2719 0 2 1150 1163 1177 1211 1238 1283
4930 0 3 1260 1273 1287 1321 1348 1393
6271 0 2 1370 1383 1397 1431 1458 1503
4525 1 2 450 495 522 556 570 583
7938 1 2 560 605 632 666 680 693
9473 1 3 670 715 742 776 790 803
4892 1 2 780 825 852 886 900 913
1839 1 3 890 935 962 996 1010 1023
5843 1 3 1000 1045 1072 1106 1120 1133
3391 1 2 1110 1155 1182 1216 1230 1243
4883 1 3 1220 1265 1292 1326 1340 1353
9381 1 2 1330 1375 1402 1436 1450 1463
