8173 0 1 600 613 627 639 650 661 683 688 703 716 732
1273 0 1 655 668 682 694 705 716 738 743 758 771 787
8321 0 1 710 723 737 749 760 771 793 798 813 826 842
5942 0 1 765 778 792 804 815 826 848 853 868 881 897
2942 0 1 820 833 847 859 870 881 903 908 923 936 952
3048 0 1 875 888 902 914 925 936 958 963 978 991 1007
4281 0 1 930 943 957 969 980 991 1013 1018 1033 1046 1062
5038 0 1 985 998 1012 1024 1035 1046 1068 1073 1088 1101 1117
6038 0 1 1040 1053 1067 1079 1090 1101 1123 1128 1143 1156 1172
7391 0 1 1095 1108 1122 1134 1145 1156 1178 1183 1198 1211 1227
8272 0 1 1150 1163 1177 1189 1200 1211 1233 1238 1253 1266 1282
3907 1 1 435 451 464 479 484 506 517 528 540 554 567
2795 1 1 590 606 619 634 639 661 672 683 695 709 722
4960 1 1 700 716 729 744 749 771 782 793 805 819 832
5657 1 1 830 846 859 874 879 901 912 923 935 949 962
6930 1 1 870 886 899 914 919 941 952 963 975 989 1002
2894 1 1 990 1006 1019 1034 1039 1061 1072 1083 1095 1109 1122
7110 1 1 1110 1126 1139 1154 1159 1181 1192 1203 1215 1229 1242
4931 1 1 1200 1216 1229 1244 1249 1271 1282 1293 1305 1319 1332
8113 1 1 1310 1326 1339 1354 1359 1381 1392 1403 1415 1429 1442
9281 0 2 430 1043 1670 2309 2959 3620
9482 0 3 540 1153 1780 2419 3069 3730
9120 0 2 650 1263 1890 2529 3179 3840
9002 0 2 760 1373 2000 2639 3289 3950
9372 0 3 870 1483 2110 2749 3399 4060
9463 0 3 980 1593 2220 2859 3509 4170
9223 0 3 1090 1703 2330 2969 3619 4280
9140 0 2 1200 1813 2440 3079 3729 4390
9921 0 3 1310 1923 2550 3189 3839 4500
9517 1 2 450 1063 1690 2329 2979 3640
9301 1 2 560 1173 1800 2439 3089 3750
9802 1 3 670 1283 1910 2549 3199 3860
9405 1 2 780 1393 2020 2659 3309 3970
9056 1 3 890 1503 2130 2769 3419 4080
9382 1 3 1000 1613 2240 2879 3529 4190
9891 1 2 1110 1723 2350 2989 3639 4300
9210 1 3 1220 1833 2460 3099 3749 4410
9332 1 2 1330 1943 2570 3209 3859 4520
