3907 0 1 435 441 449 454 491 508 517 535 539 574 593 610 623
2795 0 1 490 496 504 509 546 563 572 590 594 629 648 665 678
4960 0 1 545 551 559 564 601 618 627 645 649 684 703 720 733
5657 0 1 600 606 614 619 656 673 682 700 704 739 758 775 788
6930 0 1 655 661 669 674 711 728 737 755 759 794 813 830 843
2894 0 1 710 716 724 729 766 783 792 810 814 849 868 885 898
7110 0 1 765 771 779 784 821 838 847 865 869 904 923 940 953
4931 0 1 820 826 834 839 876 893 902 920 924 959 978 995 1008
8113 0 1 875 881 889 894 931 948 957 975 979 1014 1033 1050 1063
8958 0 1 930 936 944 949 986 1003 1012 1030 1034 1069 1088 1105 1118
4986 0 1 985 991 999 1004 1041 1058 1067 1085 1089 1124 1143 1160 1173
5324 0 1 1040 1046 1054 1059 1096 1113 1122 1140 1144 1179 1198 1215 1228
9755 0 1 1095 1101 1109 1114 1151 1168 1177 1195 1199 1234 1253 1270 1283
8298 0 1 1150 1156 1164 1169 1206 1223 1232 1250 1254 1289 1308 1325 1338
8818 0 1 1205 1211 1219 1224 1261 1278 1287 1305 1309 1344 1363 1380 1393
4733 0 1 1260 1266 1274 1279 1316 1333 1342 1360 1364 1399 1418 1435 1448
4471 0 1 1315 1321 1329 1334 1371 1388 1397 1415 1419 1454 1473 1490 1503
3907 1 1 460 473 490 509 544 548 566 575 592 629 634 642 648
2795 1 1 515 528 545 564 599 603 621 630 647 684 689 697 703
4960 1 1 570 583 600 619 654 658 676 685 702 739 744 752 758
5657 1 1 625 638 655 674 709 713 731 740 757 794 799 807 813
6930 1 1 680 693 710 729 764 768 786 795 812 849 854 862 868
2894 1 1 735 748 765 784 819 823 841 850 867 904 909 917 923
7110 1 1 790 803 820 839 874 878 896 905 922 959 964 972 978
4931 1 1 845 858 875 894 929 933 951 960 977 1014 1019 1027 1033
8113 1 1 900 913 930 949 984 988 1006 1015 1032 1069 1074 1082 1088
7588 1 1 955 968 985 1004 1039 1043 1061 1070 1087 1124 1129 1137 1143
8153 1 1 1010 1023 1040 1059 1094 1098 1116 1125 1142 1179 1184 1192 1198
4314 1 1 1065 1078 1095 1114 1149 1153 1171 1180 1197 1234 1239 1247 1253
8898 1 1 1120 1133 1150 1169 1204 1208 1226 1235 1252 1289 1294 1302 1308
4564 1 1 1175 1188 1205 1224 1259 1263 1281 1290 1307 1344 1349 1357 1363
1581 1 1 1230 1243 1260 1279 1314 1318 1336 1345 1362 1399 1404 1412 1418
4745 1 1 1285 1298 1315 1334 1369 1373 1391 1400 1417 1454 1459 1467 1473
3970 1 1 1340 1353 1370 1389 1424 1428 1446 1455 1472 1509 1514 1522 1528
2799 0 2 430 871 1320 1774 2265 2773 3290 3825
4024 0 3 540 981 1430 1884 2375 2883 3400 3935
1081 0 2 650 1091 1540 1994 2485 2993 3510 4045
2957 0 2 760 1201 1650 2104 2595 3103 3620 4155
6748 0 3 870 1311 1760 2214 2705 3213 3730 4265
4319 0 3 980 1421 1870 2324 2815 3323 3840 4375
1470 0 3 1090 1531 1980 2434 2925 3433 3950 4485
4650 0 2 1200 1641 2090 2544 3035 3543 4060 4595
3350 0 3 1310 1751 2200 2654 3145 3653 4170 4705
6001 1 3 430 871 1320 1774 2265 2773 3290 3825
7125 1 2 535 976 1425 1879 2370 2878 3395 3930
2789 1 2 640 1081 1530 1984 2475 2983 3500 4035
5574 1 3 745 1186 1635 2089 2580 3088 3605 4140
8614 1 3 850 1291 1740 2194 2685 3193 3710 4245
1725 1 2 955 1396 1845 2299 2790 3298 3815 4350
1143 1 2 1060 1501 1950 2404 2895 3403 3920 4455
7440 1 3 1165 1606 2055 2509 3000 3508 4025 4560
3174 1 2 1270 1711 2160 2614 3105 3613 4130 4665
